6252
15914
1181
8146
18294
11445
13781
15529
10569
3548
10519
9991
1240
4787
7261
8198
12574
10992
7686
10546
18949
17449
8536
16038
13531
14531
5663
4597
14694
8698
16573
18027
10127
10507
17618
4837
9798
3948
3286
7082
13209
9307
8553
19609
6477
2775
17014
19513
10585
15318
6498
7977
9664
12087
14558
8292
14058
7075
167
1914
15683
5195
18812
18898
17668
11829
15962
11861
9369
2567
12078
15866
7480
4673
13957
1415
5056
1216
19683
5023
4151
1610
12412
2823
8236
1162
4959
9702
2920
4599
11185
3961
12938
17584
16326
5269
10979
10526
11736
6306
4332
15149
12629
1464
10385
13438
2219
8137
6223
10074
12041
3223
11773
16578
799
10902
6210
15388
4991
16371
3214
10743
19529
946
7591
7022
5881
15041
7120
1441
10628
2236
12240
13522
4703
5781
19001
15993
17557
16658
12183
10396
3296
8436
5985
18153
15810
13447
15902
13001
5589
177
15555
6483
2457
6931
17741
16625
13624
8596
130
10487
12266
11036
19342
14193
3913
14061
312
11172
9925
7384
9002
3419
5042
673
18535
4896
12719
2116
17221
18658
17979
11367
1817
13121
16269
3812
4043
2088
4297
7661
8413
9405
115
7614
10682
10115
13132
14819
1530
3219
19932
6562
10767
10402
15247
11753
11888
19264
8643
19384
4318
12244
9109
19213
10236
11343
4115
11963
18444
12377
6640
4088
18891
12003
11728
17058
173
11938
16433
7961
6996
12408
19306
14735
15141
9917
16971
11045
3992
5193
1215
16142
1855
15942
16265
10286
17367
3227
4970
4002
3768
6227
11685
15995
16481
14506
8510
3217
8384
13268
10922
1056
18940
2028
2856
7619
4719
6834
9016
6411
19432
2107
5854
11010
6666
11428
16975
14359
7455
15559
2983
11449
10931
1624
9312
4997
5102
12844
14196
13174
2421
11776
13521
4271
9194
1836
12666
11915
5794
13361
748
13244
5493
4190
6353
8320
6601
4582
8234
12825
19093
1219
11254
16354
17749
4285
9410
9604
11317
6486
7440
3277
8789
4625
14685
3412
6108
11531
13032
8899
14357
15596
6840
9457
16517
3090
1274
342
1309
10481
12523
6620
18233
12863
15818
16076
5426
3201
4609
17973
18307
14237
6534
2183
13758
1200
10037
3016
18317
13789
7582
8682
19937
7484
12493
4913
2375
19524
3355
7699
19760
4532
6126
2997
1255
6651
15862
3741
1359
5500
14714
4232
1187
460
820
674
12945
4629
12149
15001
17322
15011
12111
5147
19541
14133
8512
3658
1947
19983
15300
13331
2474
5290
14056
14081
11805
17413
5544
5438
3437
8469
9053
12952
17545
836
8613
12537
13175
3863
4098
12869
5459
15297
10054
7888
3763
6137
13724
7974
5262
19163
14162
7712
16359
14008
15310
10349
9973
17314
9415
3817
3272
2937
12971
17150
16190
7757
4984
9922
5912
10801
14511
15250
17437
824
17961
8230
1632
7813
8206
16839
9300
14104
6612
18209
12168
12433
18462
16691
6999
4245
4903
14371
4062
1857
8061
8688
15320
11913
10146
15273
1002
8969
2351
11627
5791
455
18705
15712
4709
10002
6134
890
10093
1973
2341
841
9659
14332
4947
6842
2353
965
14787
3097
2493
15817
3479
6897
6473
4280
10233
17164
19397
16013
15199
12593
18530
3001
16526
403
1201
14510
16139
13509
3354
6253
5414
9585
7764
13026
6479
8655
2805
16334
8952
5923
17374
18943
4385
17299
6923
13297
5451
11638
18859
19405
2629
1825
19511
16633
6386
4120
3886
16660
2792
6354
19718
1603
9943
14322
6373
16073
4674
9366
681
3776
6208
9674
17295
15235
7782
13084
17934
4926
1014
3701
2272
227
3346
7698
13266
2530
6366
14891
6261
442
9398
18416
15605
15259
3955
19473
4768
11164
11204
731
10604
12260
6632
8165
7826
10006
19516
11597
176
3468
18386
10158
8485
9477
14720
4045
15267
595
12172
975
16520
8501
9827
1787
9034
17270
10112
18937
18983
8497
8479
13551
14153
14003
5832
2452
5304
15730
19241
2706
18737
19938
3313
13555
19298
1316
19074
1967
7569
9890
18503
562
534
16810
13487
14310
5483
15533
11740
15664
14121
19223
2745
3257
16555
6852
10825
12163
9445
11852
14941
9613
15638
15706
2268
18957
1741
10868
15948
1393
3691
8983
4608
11631
8261
493
2322
12082
8742
18653
15933
13005
17320
17644
8066
17963
10954
1782
7038
5213
13615
4301
9412
1587
2870
5489
17041
9211
14468
3529
15470
7864
1920
11145
7294
19070
15301
2381
7532
13321
9677
15734
14017
1042
10066
15085
19900
15304
19634
14659
3106
14624
929
5981
8509
19212
9529
18746
3657
5494
19660
14772
15006
11835
13359
7275
17453
13677
13227
17750
7751
15539
1054
17390
2697
6382
16858
13773
300
11667
17011
13954
8492
9015
10640
1765
12291
2198
13619
16849
18401
4653
5105
18961
3897
3096
6284
7310
13912
12566
16799
1026
599
6152
19297
13315
11196
12624
11807
548
3840
16681
3934
11817
12076
9058
17336
4808
13947
19686
11585
15515
1457
1785
12497
5871
1335
19159
2836
16078
18417
1158
4666
565
5379
10969
9757
8753
5903
14102
6073
19059
10847
972
7495
4349
11319
16246
17073
15713
760
13277
7393
7768
11977
18764
16611
9069
19526
649
5687
9568
8888
7611
5787
15185
1556
3900
14864
8088
3598
14263
15938
8561
11154
13332
11824
4361
15630
5632
6608
2780
2155
5900
14953
13420
16536
9891
1879
15872
16515
14623
15340
6626
1199
2551
6899
10282
1993
10477
15800
4110
5756
16883
2763
1078
5356
12916
16007
3700
6753
16697
10253
4884
3026
12013
7210
18172
4682
18009
3104
3707
18390
6833
11506
12930
19144
3070
1930
8780
2165
8562
15629
18736
7417
18168
1752
120
8797
11551
9817
2825
3141
13071
18494
15923
1881
4853
19780
3782
9149
1545
15161
17611
14113
2255
15531
6851
3711
5513
6919
5736
1099
17607
11178
13952
19538
7689
3588
6416
3025
16730
18637
11265
18647
10502
8998
9968
18384
7209
7196
8994
4693
5578
16928
7141
11844
2526
19691
9331
5100
6619
13682
3615
15588
14532
7267
13149
3596
14826
11943
13935
18738
11384
15958
9386
7912
3649
6503
16506
18126
13975
18524
13100
5373
16444
109
10201
10818
18528
7439
3481
2897
193
19856
19935
18671
16757
4008
249
9339
831
16442
3680
14094
2652
11354
6158
18365
9334
10989
17181
1968
2627
2049
16177
1249
19705
9031
15483
17655
7183
2066
1753
6282
9367
9766
9279
2158
12265
3947
525
1278
1528
6330
4627
18110
3519
4877
12939
12870
362
10451
4430
15328
1214
10355
5091
12639
10106
11157
6512
667
11538
3506
10012
5510
19222
6590
4973
14776
3702
1052
12973
4892
19945
4157
5796
2970
5566
10116
52
6458
2244
12562
5415
13838
3545
14136
3604
10227
5973
13068
6014
1646
13354
13007
17901
16591
16156
12036
1398
15372
12025
429
2669
10774
2858
2668
8587
15910
17896
2257
19108
13075
10909
7184
14648
11235
8164
9418
10390
2909
5814
11356
6761
19339
3464
2332
15284
3000
12673
16742
17265
3552
7367
3054
2075
16604
560
8513
1236
9919
12455
13351
9241
9237
13131
17596
18032
8555
16630
8571
3875
14075
6215
18142
12242
730
4176
11358
18236
13612
17167
5891
6515
13743
8801
18609
18196
17978
6231
12674
12164
11249
7102
1229
3203
9151
3158
11762
373
8720
3103
17127
12514
1151
10139
17525
7227
14306
14665
8752
868
12258
9571
7829
17699
5658
15330
4727
2292
2776
9769
6769
2099
3630
12565
11588
13358
7496
17152
1327
10771
8574
5567
5782
1288
3282
12898
187
11547
11236
11561
13623
10712
10020
9824
11886
17122
9770
3024
11022
9588
17262
4980
17352
9744
10284
3362
4522
4456
5177
4305
590
11440
13201
12561
5859
3868
15836
19616
6047
17448
840
10547
2019
11104
7723
15283
9518
8535
1439
394
7117
17617
13795
10516
10173
447
12383
11953
10333
12158
9018
9782
14674
3113
6501
5618
16449
10257
1847
7775
1561
4857
14754
15711
17258
14940
17483
7277
10184
217
18072
6855
3917
9189
8175
10791
6520
15148
4861
19608
12760
5111
2863
14537
1008
9502
17188
5176
19803
12130
10336
17016
6220
5061
7365
13206
11742
1980
8581
14155
8889
15337
19482
14320
15770
19630
13810
9383
10242
19700
6216
382
19208
19988
14879
10805
2837
8451
12586
15950
13544
12139
14305
15963
3627
13864
17407
5021
4828
12632
12962
19929
17910
10760
13780
713
1801
18192
2280
14539
12684
12176
18966
12222
6068
14725
18091
6497
11855
6003
19754
11713
11086
4148
16394
14427
9257
15396
18064
10734
13318
10123
12996
9250
18252
5929
12823
3414
5201
283
10079
12472
7078
9491
6396
2651
14702
10391
1551
7581
10434
3316
12682
17916
18989
10185
18477
1202
631
7113
4321
15952
17110
7593
932
12204
372
13387
17414
19651
10172
6392
1196
55
3561
5934
7313
9552
6584
11676
4657
3238
11661
3720
19569
10325
18345
9152
8475
13755
7514
19464
1150
518
18191
8673
6671
16217
13606
12960
7170
10657
5344
2808
15516
3114
10974
17703
18570
18663
4427
3233
2459
4279
3891
8579
13267
16114
4187
18147
16967
8060
17470
2985
2333
8977
13330
1969
14265
1106
6911
17492
14984
9693
192
9131
2534
15808
6807
19587
2476
9786
13237
4377
2414
8177
13978
8166
8366
7819
6984
10588
17436
12818
3230
14280
2935
9372
14446
13733
4773
1305
9453
9834
6480
8800
2543
790
11990
15471
14031
10812
9745
6759
11443
4725
2238
17889
2013
12188
4603
5613
10137
1328
3446
12860
6631
11626
13395
5555
12633
13850
11478
7702
837
7895
15112
3759
1860
14071
499
11031
7671
19914
7163
7213
8032
18341
13370
13379
14489
129
13459
6368
3898
86
17824
2304
10629
2523
10100
12635
2506
6843
1622
3628
189
19013
11448
4119
16907
7607
4868
3551
7461
6811
4911
11393
5254
1984
19186
16818
14
9965
1735
13523
3351
19271
19751
17513
1651
4859
3224
16871
5313
18934
10046
19370
11702
9078
6713
1630
11625
7815
3350
16805
12233
16180
7185
7118
19865
10179
2016
1940
17342
12135
13147
14872
14820
2446
9393
13049
19821
19594
3761
1073
315
8665
3490
3004
2620
10862
6679
12500
13202
317
608
11040
1896
19773
5518
10855
2103
357
8741
7174
3002
17524
19640
6824
2114
9419
17178
10610
413
10313
12728
7515
18222
14748
10126
148
8624
6342
18608
12431
6576
2384
10785
11213
2040
14132
15062
5865
2015
1979
16914
17900
214
18628
12661
10427
3060
9687
14475
10480
4267
4459
13849
1516
9302
18911
18856
12672
15103
8601
16259
10113
7458
9656
2401
10872
11414
818
16831
328
15262
12797
18822
15018
4469
14920
3148
3507
6945
18542
19948
4689
11261
18843
5116
6921
14975
7990
6771
19648
1821
15147
3236
17022
1291
11777
18370
19713
7452
12230
796
18574
2379
4060
7004
943
8329
13788
4601
10381
19198
5466
17076
16172
12824
1928
4785
17826
7850
1688
13024
11996
271
9087
19461
6328
11716
2128
14816
14608
2083
11801
9704
17315
8696
14412
6079
11371
14086
7682
15285
13592
8872
13163
18914
19674
1628
18286
6658
7094
4888
11199
12997
1686
6030
19663
13890
16770
16276
19252
7282
15331
11592
10296
19503
3207
13081
9509
14846
15400
10727
7153
10339
10034
15816
16523
11402
15825
15045
11491
13928
16734
1254
15450
15586
17081
5444
13435
4779
11037
14888
9113
11867
13786
1656
16106
11088
3769
2734
13674
15685
7507
7481
10955
1650
2819
12729
4182
13832
624
14773
15716
8757
4007
2445
17696
10806
3100
17410
3459
1995
18190
16316
4939
8946
19750
12758
11800
314
9872
7938
14480
9025
3911
11339
4404
17957
11743
19341
3373
7527
13085
16952
13594
13334
18997
6886
4671
80
7252
8297
6128
10384
18369
16888
4780
2839
14050
18037
3642
17026
10693
14025
13873
16370
7613
8856
9304
7054
18777
1060
9828
7167
11296
13275
7249
19893
10608
16524
3449
15521
10802
12794
2167
17017
6681
4140
10052
8766
14609
154
19970
13580
5863
4325
8310
17638
18590
14418
7774
7045
12817
3107
7376
19008
17161
5659
14459
18350
3764
4551
3771
114
15211
12115
14166
16784
17684
15805
14586
14033
8548
509
1911
10169
10068
5813
11981
2020
11582
19485
16477
15606
17857
14044
3404
4160
9019
8947
14204
12777
5340
19776
14974
18695
9137
12526
15571
4317
4436
3920
17959
16747
18251
10138
9669
5665
19313
17868
18730
13241
16233
389
1659
16102
7534
18092
9559
3885
5673
9532
6041
12210
13054
14253
17521
5460
7271
8266
2644
18214
19605
4923
1114
9722
6780
18254
10029
10076
16951
15164
15886
2052
10549
5902
6406
17666
2515
1452
3018
16410
526
7896
14767
12074
13392
9724
15778
42
737
4117
9778
7068
4354
8124
4663
16165
2368
12827
14842
4186
6388
13064
17486
10697
11650
136
1716
19930
12270
11403
17697
13572
4054
1104
7268
2521
11328
17716
11853
15044
15577
12949
7931
16069
15959
6779
16749
15228
204
15756
8219
1179
144
6248
14500
19926
12508
16049
6985
4809
2317
1537
18827
19882
2435
14313
16166
6351
1315
8496
18793
7175
6694
13292
17966
1444
984
842
4452
2231
971
13250
8255
10223
17005
13988
16797
10026
19152
3032
6374
14035
13466
12443
10382
19071
8104
9248
13231
16984
3822
10522
13429
17955
19928
14131
6131
15633
5062
8382
1205
3352
11404
16792
4040
4372
5858
12915
18246
4878
10894
14790
5037
11512
1757
913
15660
15867
19956
10298
16877
8931
17786
10273
5258
17854
10150
4216
13853
14393
9662
3047
15338
15860
5336
18646
19863
5103
19325
16437
48
9845
12540
15191
4807
2115
13083
1957
13433
16978
1281
10342
8450
16045
12738
203
10496
8107
17253
2064
5520
4885
1638
7079
12175
2687
1161
18089
4585
15698
19553
11012
15626
12578
16281
16735
19595
15940
18127
3902
16399
19895
6856
17285
15627
19782
17781
8528
6456
7908
7554
19676
16714
1677
4228
1563
4563
19430
5058
18339
5372
14448
4512
8844
4116
19946
12806
18075
18613
4084
6066
17471
15676
2848
4778
1549
3183
1198
12700
17502
19038
14074
3580
3575
17468
5784
1878
2432
850
19204
4457
7451
10235
15494
11311
17452
16641
4862
12852
16388
5240
2845
7633
2394
6457
11380
7673
8924
10602
2827
1111
18402
5138
175
16695
12126
14068
7463
7105
15137
9826
541
14770
3431
9747
19140
17465
1029
18630
6334
17846
11795
2157
13690
5554
6546
9095
7111
2398
1877
19427
744
10615
19429
14150
15641
15984
761
11628
8050
9210
15980
15288
8702
3167
6129
15000
5350
8317
17925
3905
19936
4659
4142
6170
13050
10375
3301
12649
18392
19972
5139
8163
9505
527
16348
12668
14691
19673
11928
11564
13031
15496
10134
2737
6882
11696
5251
11862
16954
8197
13355
6847
12136
9022
6476
909
9035
18151
18008
7225
10088
19104
13911
9303
11865
614
13577
921
885
9314
16321
6547
18375
11894
3065
4263
15990
10745
14070
13368
12049
6664
4956
11188
14521
10278
12117
6652
14174
7166
12369
11335
11295
3800
718
6465
3929
6977
9076
5523
16881
10211
17039
14495
277
16174
16428
6182
5826
5448
16733
9815
13889
5461
1238
4660
6429
12597
16844
7409
8077
9685
4174
4150
5754
14073
6088
3291
15512
12643
645
11820
966
12933
14091
18085
2412
118
18183
838
8478
78
11902
894
6535
4741
8302
1674
8734
18225
1559
13591
1431
2690
19420
9270
18374
12874
14377
12879
3439
16196
2295
82
14635
14585
17882
18336
13757
13823
679
17740
8017
875
13205
5035
5217
19167
15956
17134
12796
18993
7676
1351
801
18349
8217
6585
3641
6348
4806
432
11944
9866
3318
2146
8386
5627
10722
8114
14856
1536
17535
19131
12614
5693
16972
17484
19919
10051
6399
15880
6474
5680
5345
13824
6741
9126
16826
17663
8294
7412
15604
14009
17710
17773
5432
13667
3041
9699
5697
2648
7390
7089
7447
16064
19189
18879
9920
12926
6749
18886
2934
2653
5319
11543
6587
16421
14493
14722
6676
15755
732
7696
15591
7217
2752
2259
13457
8411
17187
6074
11207
18913
6472
11442
10800
5715
2163
2194
9741
2273
8578
6404
15689
10129
2095
9524
7942
9638
16930
6629
8248
5490
19756
648
17921
4915
5560
11294
17552
6443
769
18900
2846
16015
11108
13581
10199
12487
332
4760
11623
15643
3830
17520
1734
2411
19814
19836
1641
11374
14114
13499
11050
11745
17515
15640
9450
1997
15557
19744
16347
5885
15107
6903
1318
14178
14650
3634
7647
8440
13422
6409
13595
6037
14479
7346
19130
11053
10574
6289
13182
1719
9043
18644
6142
5050
18421
1770
9944
8858
9242
7557
6094
10809
9590
41
6898
3369
6264
9739
12554
11115
10964
2640
15153
3332
3271
4236
2223
7677
11993
11772
11595
7198
6871
7787
11153
12177
12096
8777
7553
19698
14937
601
2454
12918
12606
2831
8081
13744
10272
13992
860
2606
9233
9012
11148
6633
10262
15537
8283
14169
19964
10304
14802
4802
17851
15455
531
5008
18597
1569
5586
3689
2352
8455
13973
14154
9267
17362
15761
15544
7272
8876
353
4881
12937
6183
5221
3395
9987
15935
3108
9544
6687
12616
8554
1252
6398
1554
1173
1511
12983
14250
13306
15378
14695
5084
7233
12039
4175
18958
6147
8892
15898
1996
14344
19791
1909
16282
2014
13094
3981
14535
11429
876
10703
7555
19406
404
17757
1293
10120
17791
15303
8160
4716
11488
3126
7081
7894
9400
13137
4010
13807
6978
16626
16420
15063
18003
6452
6335
8515
14564
17714
11893
13511
19775
16415
6736
2211
13285
14658
8874
12128
14206
14042
12106
11897
10896
1501
18657
8167
18897
10584
13498
19386
19270
8895
15126
15440
5005
18540
6663
2144
18325
19244
720
17564
15075
19828
19394
7009
8101
13220
3692
4542
17294
2010
17289
15857
13535
14192
16541
5364
19099
647
4616
14300
19231
10250
9048
18571
1119
9283
3125
5488
2301
9773
19697
12406
2393
5418
8111
11030
2269
19023
18899
4866
6555
12044
11952
1749
269
12878
8807
6888
2275
17953
311
8901
5333
15908
18105
7181
10266
17371
16763
2574
18388
3946
12467
5788
15858
15178
5777
924
4083
14502
337
6218
1085
18884
16006
14187
1118
14243
3826
8744
12577
16804
9262
5760
4005
11444
10950
8240
18902
10990
10456
1844
8284
2729
18692
11240
13977
8360
11128
9359
480
10099
11860
15895
7918
6510
1762
15353
7955
2205
16087
19107
15675
1788
19551
18996
15563
9823
9193
19347
18944
19598
17546
7434
2881
17417
2583
15723
12792
910
11052
18500
9577
9719
10022
12793
2799
3517
19006
11988
6609
5549
7632
14233
2357
18319
14197
5633
2890
7601
9256
11387
7257
7356
8222
16182
15693
6767
14923
949
16480
7254
4053
589
625
1375
556
9980
446
9055
15967
849
8692
5158
3021
18253
8400
12958
7433
4820
1800
18956
6316
8149
6065
15789
16836
241
10977
12006
974
16
665
3492
2173
1791
4386
18281
2148
14810
17760
16866
14829
7242
5811
8514
10289
2898
2419
16032
17944
16429
5370
13817
6015
10747
6559
5937
8331
19046
11464
15052
7844
2334
5249
8184
19643
4475
11876
6556
14598
15157
9130
16200
5170
13096
8634
13171
11460
12
10036
484
18379
501
13678
13283
6646
11486
1835
18531
127
19550
11133
15881
3665
9655
10917
17434
19617
9816
16369
5186
9706
8344
18921
10468
15774
2184
3576
5901
2841
15332
53
8368
16943
7070
12899
15343
15703
7382
16028
15622
6786
11120
16680
15323
4690
4737
3386
19312
13776
7115
8740
9041
12055
2594
12361
13822
10417
13240
5879
15456
12598
16391
2101
15038
17416
17174
4108
17777
18469
14562
15884
9859
5913
9636
11948
3105
17169
8377
1125
4867
17068
95
17627
19378
7946
11422
17446
16711
5243
12901
9635
1767
1176
6259
16272
19073
456
3204
3237
11555
2657
15345
16403
6568
6113
16516
9263
8109
8580
2386
11645
14260
14956
19824
2464
19694
14527
922
2746
15447
15057
2680
3149
15482
13391
2504
14812
2475
9949
10128
7332
785
3933
3184
17758
13312
15707
8286
19448
14958
16721
6783
16783
8583
13852
10991
834
7904
6959
6085
3699
4621
16558
9397
18734
10840
7920
4143
13492
7536
14490
11733
2156
7446
15391
2039
16965
12094
4615
8878
13543
1580
17587
7490
8779
4203
10957
5875
4338
1100
11364
12070
2639
4824
19373
11100
6233
9908
5328
2362
2403
11639
18990
2420
13633
4543
13688
18809
10508
1481
3904
1477
15760
18152
10551
12137
10945
16402
10430
5226
15581
13245
19546
9705
14209
4642
2008
14214
1642
15086
14083
14617
1016
15917
6904
3805
3602
6719
9385
18703
7979
4129
17050
7324
3312
6281
3305
4740
17249
9063
19118
1064
11747
2727
9207
7469
9492
7862
430
4371
12154
1838
9054
1732
13953
3796
12694
13565
18684
13125
3483
12706
15773
5960
10757
17858
1771
14634
16995
3356
10024
17201
10908
18453
15623
6805
3309
12595
9185
15502
9277
11688
5282
10163
5605
13857
2866
16988
19437
10679
17772
8592
9810
14807
2197
178
9298
11598
6420
16801
5531
10577
6720
8637
16193
3582
15183
13829
1443
10986
209
3564
11960
330
13811
16882
2636
2638
2068
4180
19620
14701
13407
13885
2588
18959
749
9337
9289
16406
10933
9465
16245
14413
14270
13534
5888
7263
969
8299
17170
8078
16870
11420
6407
11890
18223
19279
10810
851
4798
17842
9215
18053
12713
8404
11303
11263
12584
2234
6119
12600
10246
930
13649
13496
3384
10331
14798
9579
8900
11689
13584
13587
7760
7162
4448
18635
18103
15651
4759
5437
18302
13574
19319
17250
16158
9286
9282
795
13390
3134
7336
10675
5568
16896
14696
9567
19077
291
11165
7811
3380
3952
6956
13234
19044
1899
15049
17969
9880
7055
8922
17942
14669
16486
16338
14340
18976
6195
9592
11400
7361
6772
19494
18104
4396
18621
8818
7984
18744
16427
703
12801
4313
11939
13021
4982
13718
16746
12105
17399
12585
5109
18667
14057
4677
13260
13230
8142
10023
12658
10393
11076
67
15316
11095
9249
8965
13044
16018
16812
13164
5647
1652
206
392
4105
15819
363
8799
11038
14588
8722
13548
712
7594
2598
19260
7269
15613
17707
5861
7341
8040
1924
7976
2790
8429
14877
5443
18642
17635
17529
1992
10111
1166
18016
4986
16987
18775
16111
7656
19727
16411
6821
229
11611
2285
408
892
14504
11159
9932
6932
6303
9896
19549
190
14950
19740
5699
18792
9001
19086
5869
11641
15514
537
13605
8810
10587
6267
7725
16279
10182
11177
14968
8072
12522
11956
6672
18575
11884
18772
6905
15951
8118
18046
2298
3991
9630
11761
17067
7023
4989
7693
15104
3042
3402
9984
13930
12352
15692
4564
2995
3048
15786
15508
6801
3150
6232
11468
9010
14293
7648
5963
8949
4795
1738
3448
609
12388
12964
16610
10019
8376
12052
18408
10607
6491
5807
6048
1802
3179
13178
5280
2817
137
223
440
16674
16133
10960
15296
4428
3679
17198
12271
17430
12829
6703
987
17048
10921
627
14279
5162
11069
17739
8684
11664
3835
1648
9098
14631
1091
8678
12697
19354
5582
2318
1109
483
13311
8591
3118
3888
10524
17540
6929
11583
15654
3578
6714
5921
11017
15677
6430
8453
11979
16476
17130
19438
285
9970
1871
8542
5682
7416
4811
9562
8268
8437
7015
12197
169
3716
19121
3804
4944
3801
8649
12583
18314
10455
12407
6217
7146
13194
707
16651
10232
941
5706
2982
10848
9690
9036
16262
15050
14769
540
5181
12390
18815
19247
12499
10754
17608
9873
1143
15098
10895
16030
3137
6450
13513
772
8045
7652
8395
2407
110
9531
5928
3860
7387
3171
3391
14791
14783
3984
17582
14220
14542
1701
1272
13120
6151
4540
5296
10887
17332
5387
16301
13187
19701
1093
13013
18434
5748
13493
15782
2575
16129
19873
10596
14595
13470
8885
1933
14966
12121
13700
7326
11783
15139
2943
6314
17241
726
8327
14994
13126
13012
512
6265
14232
19334
1025
14487
15780
5563
14358
15655
17229
19327
124
14414
9542
997
14731
6545
10082
6527
6575
14217
12989
6995
13869
7910
10567
7663
1336
12098
18280
15105
15710
16271
14964
12468
7124
254
9913
15644
8545
16416
9229
4219
5772
17392
1631
9942
18124
16507
5545
8052
5535
19835
7080
8996
5723
15224
12807
2789
5502
11617
3612
11731
925
18834
7747
15286
7401
5101
7235
14818
19069
9437
11677
10773
4949
3063
19237
859
10890
14811
351
4990
8036
12063
8745
5080
11549
12133
9350
17004
5209
13855
19467
15616
16939
367
16645
17143
2213
13919
10994
11109
1088
12843
10429
12702
16597
11083
12848
1354
19787
19973
2137
8891
13998
17823
7841
8278
16335
12101
12194
17047
2971
17406
11388
6615
19949
9733
9345
13181
16790
18639
16534
19209
13831
9848
19407
16458
8869
4530
19361
8150
5758
15953
18995
13936
16392
5599
2932
18678
10833
5988
4757
4431
10159
16843
12946
8907
18220
14636
11640
18544
1223
18086
11143
6627
11003
14852
1605
896
2938
16208
6424
15357
8012
14962
12192
9923
12571
9986
7828
9746
4723
6441
8615
2650
14023
12056
12403
19567
379
6514
17381
5590
14903
6517
8424
5381
8495
18096
9039
10944
16705
2887
1999
18078
10605
15909
4101
10103
3609
7098
16582
1985
8112
7265
4324
8728
3036
18753
186
5738
13550
14824
16144
1424
4943
17326
4444
1915
15125
10830
1531
16313
14981
3128
8321
6250
13262
3518
4962
538
6864
7212
17704
12449
5329
13759
17257
1547
487
18419
6656
2480
3718
12909
194
1949
6917
10829
13365
4392
6543
15216
8067
8486
14661
11061
7435
16387
10811
245
19047
11277
11416
1089
19236
16473
16179
4813
15108
18788
7303
19411
1745
14282
16077
1138
14764
16499
17104
9734
15162
5850
14825
13271
19957
3349
546
7575
17814
17759
5115
10568
16062
2564
1737
14651
835
18585
13722
15152
13258
15067
4360
7687
8092
19942
14195
8253
9330
1373
10064
10590
18034
17837
19845
1175
10623
4684
3940
18343
17504
6644
8893
8941
17460
10299
5512
5308
15186
16814
4126
7083
4870
7549
19639
13088
11833
14960
1923
18291
19739
16010
8196
12009
18652
12283
10835
12923
19584
10686
10784
6947
10601
7528
7396
6654
16895
9328
473
2248
18669
2591
14874
228
19987
2469
8606
5833
15218
18677
17062
1917
3033
7128
5010
13652
3178
8080
8051
4823
11681
13295
5038
15055
11274
7255
18450
4937
18052
14457
12246
9480
14582
10967
6186
3930
668
7449
13300
6241
8647
4924
11132
18483
11955
16824
3306
5279
15565
15628
8523
16755
9938
10486
9999
8454
6332
18581
4464
7297
5634
4073
1374
19527
13265
14316
17423
9290
5077
448
5818
18352
787
10790
12231
17341
5232
6274
12384
4882
18263
3145
8699
16311
16679
1602
8126
11721
11048
15720
4292
280
11072
8841
16150
10248
5375
7104
10435
11032
9820
444
11006
18632
7353
12415
7422
16991
16583
16876
19891
4380
5368
16019
18479
14690
2757
4281
15843
1557
15620
6422
17147
3442
3229
11341
9448
14090
12660
872
10561
5355
19590
19769
9266
7640
18794
16244
17987
14482
13421
16352
17532
16924
15673
2739
17173
10210
8426
1197
13542
9801
12903
14567
7084
165
18292
9421
18348
7516
708
10413
8735
1116
2681
2471
10442
17729
8202
3978
13771
19455
18056
18716
2857
265
1156
4166
13655
2765
6421
14865
14450
14887
1747
12401
18948
3539
4933
983
3110
5553
386
14055
6677
472
19875
6950
16446
6027
3849
4252
11094
4455
17393
12219
15670
8906
441
13388
14361
4976
16303
10671
13238
5838
2138
5416
5002
18366
19963
17154
6055
4214
15241
13233
11905
11149
11023
43
105
9802
1212
15823
10219
6362
13294
15254
9170
3427
17723
15263
12502
12788
17083
6008
12144
18868
10510
15498
15741
5700
6951
12471
2977
18330
12772
13924
15361
11606
18043
2814
7564
10152
7726
18203
14526
1708
15549
3516
16639
15344
12767
16551
15382
17642
16263
1157
4164
5711
5721
9935
18583
12226
9235
13136
2979
7173
17479
8604
11782
9593
919
6944
16529
17275
753
18208
3498
8564
3363
3249
4854
2610
1087
9602
1684
12686
15106
9139
17840
15257
888
8607
12340
2662
8767
11198
14882
18862
19796
2047
2886
6245
11124
12504
9507
12717
2125
2134
10715
18312
13582
16717
15342
14869
18289
12722
13856
626
15736
19003
13006
11567
19807
11166
18870
17603
11690
3682
8428
1005
18026
4718
18293
7822
12696
7318
18726
16463
11892
201
18824
16750
1230
15384
14652
18129
9435
14775
15094
17329
3074
13805
5800
7087
7152
4656
3766
13380
13020
19255
7466
7432
13460
435
11911
11737
17634
6979
3730
11127
16572
496
19371
11556
13151
7010
3815
2724
18751
16621
8046
18801
16315
17220
1958
474
13287
13253
14806
9995
5256
9497
8435
17737
14948
18272
12486
10995
2818
12389
3422
11838
16607
3708
3916
19730
9005
17605
3399
4996
14804
15201
14640
14312
9895
1790
7489
13920
4225
16083
17227
18414
5808
16854
16020
12148
5160
1139
9771
7110
10467
19377
10449
18269
14839
14746
17209
8303
2517
9989
17828
8662
12185
18907
16945
8939
15791
17647
5559
1194
3806
2043
14167
5182
9440
19867
219
19480
14481
18331
14117
6604
19462
11246
3694
2510
1146
4453
3988
2632
16099
17279
34
6532
17952
9889
7370
5055
4341
10335
3813
18910
15231
14625
17855
12811
17568
19331
12413
2090
7025
11262
3928
2573
1180
2899
14711
2953
7127
5315
11609
10999
3322
12129
4755
15306
17118
11718
2433
15546
19211
2570
19812
11361
14788
866
14632
1287
2477
13212
4894
18355
6818
18742
65
15377
8491
18569
477
6371
1340
18860
2896
1185
19457
1667
923
7837
8369
6789
10737
13770
4835
14291
14561
13133
2987
9793
3721
18180
14639
15411
8804
18166
18055
16601
7608
8614
10104
3632
3275
18760
19332
6908
10649
6920
2795
16566
5732
2914
10521
9482
17409
12541
4246
13616
7928
6598
10358
5453
14486
17001
16706
18587
17184
5922
10792
15413
11413
3732
64
16131
9009
10367
18227
2738
18273
4090
6433
11066
10482
17924
3590
5931
13014
13191
8846
3059
4696
9049
7405
7142
3527
11528
7063
15861
8189
11360
10379
12308
16096
11752
15230
10936
2455
9468
13356
17207
1332
9910
14382
3798
2682
422
1353
2093
19396
15814
19819
11407
10176
410
19068
4458
506
6796
16236
12262
13494
14951
1342
11971
8616
13589
6109
12705
13384
8507
11136
9117
6579
10670
4772
104
122
3071
18346
10690
1277
19310
4784
9221
9323
17038
414
7847
16001
2164
4841
10985
18165
18987
17651
11779
514
6075
13127
7024
15987
15074
5950
6616
1504
10916
5012
18473
6300
3752
6367
17648
15467
9678
18923
4046
18515
11699
11397
1658
8121
18863
9750
19324
522
19894
14827
1284
51
18113
4935
928
13059
3261
89
9947
10839
7932
1122
11591
11637
4592
11406
2214
3138
19904
3335
5926
19638
16631
17637
12978
16452
4525
10741
9930
14576
5661
19571
1135
5969
3544
16567
14388
8122
6539
16375
9280
15089
17384
10421
11574
16491
2436
11968
5872
883
3617
3838
16821
7383
3644
2208
10961
14854
4950
4825
17523
7246
12741
108
17763
15578
11808
17432
9642
6861
12014
1233
10582
8208
7889
3198
6260
5710
11067
2973
3127
195
10281
3684
19158
13827
9795
10130
10625
8002
18645
12626
9288
18506
13604
6111
2427
7680
18320
14571
17988
2346
13309
4908
9572
44
14415
15120
670
8716
13129
11621
5765
6004
16498
458
13375
11471
8010
11293
7937
3922
5662
17799
1208
6469
8347
18248
4492
11334
4695
844
14575
9159
14409
13229
4339
14222
11918
10631
17500
14977
724
6544
1653
14201
19610
9530
16878
1425
14134
14724
10966
4815
17754
15946
9291
8218
19043
7863
6737
8527
2797
6320
8375
1031
6791
2
7169
5407
4965
10297
2169
950
17327
1519
10337
8091
10312
7948
11453
8645
6408
12035
3660
11934
8087
15071
11231
10506
12934
3027
7926
8506
3725
8064
8675
12981
14515
17779
10031
1027
1943
15127
15236
12809
12648
4511
8756
12912
11594
8397
15701
5259
8967
988
3839
7418
14216
6006
15192
9598
9121
9456
6949
8057
12618
8681
13899
10252
3584
188
13766
17313
11932
4638
6007
19925
10476
2141
19615
2713
14741
19519
19917
11847
1715
19753
10069
16343
2232
18015
8249
1177
17563
7202
15266
19018
16290
5636
11757
5303
15947
16754
13816
4059
14163
1518
5753
12199
5157
1034
7021
13753
2675
17693
1681
6044
7571
16215
6825
15142
6120
12429
16059
1489
5666
13793
10798
10580
3844
116
14670
17194
6460
11110
18750
17386
7602
8668
16771
16929
8209
4529
7497
2571
17841
12789
14462
2094
1070
19922
10606
14146
15355
7043
12227
8301
13680
15439
16715
11097
16636
402
2389
15925
16833
7786
59
6193
18636
10589
2266
19883
19395
11470
9799
13080
14705
508
4397
12746
235
11206
17667
11330
11790
10702
16294
61
8661
14944
91
3958
9948
13818
979
15645
3478
19500
9864
2279
1379
16426
2154
8244
14299
18831
17009
5211
13097
3487
19707
16624
7542
11121
13668
6155
15397
11999
2589
18123
10901
9082
6730
7911
16323
5053
10397
4351
17718
11780
17993
12132
1436
8575
18277
6209
19178
4282
17404
12217
8953
19389
15714
1123
17213
1153
12785
1795
12311
15944
3293
10107
10627
7067
15792
13721
4770
1640
17795
11766
8747
18855
6172
12644
19726
4995
19318
16125
16614
11922
5323
6311
1320
8714
15873
12180
5159
8334
14158
15576
2283
15023
3252
2539
6358
4523
30
6341
18732
9101
18239
14551
13671
13072
11814
19299
14978
6630
9735
15705
12877
14507
2289
5470
4833
887
7606
1310
7631
1107
10768
7270
5124
8422
14847
4030
12292
8748
6428
1074
19166
4686
3549
4466
672
7706
16743
936
6194
4015
4057
1367
19788
8213
18662
16360
2976
2000
2994
12256
13207
13597
14987
1514
3390
3347
13243
13450
17060
12108
11147
9375
1889
15163
18162
15097
8598
5309
18187
1517
10291
6135
18119
2303
15801
10458
7752
12651
4927
6098
593
18424
11875
3438
550
11168
15929
19659
17613
8256
8488
5989
19759
1815
4003
2873
19492
15994
3664
11302
14315
399
10493
13029
12492
19826
618
9865
11028
4345
13430
6243
4394
8886
9788
10488
9549
5958
7879
2685
8204
16911
11162
6402
19857
11272
16075
4023
13162
425
8833
2072
7375
18712
12770
15360
17455
2065
341
12876
4055
13970
6002
18611
14249
12991
15849
19878
600
14620
6893
15479
6464
17425
940
14572
15305
18704
16819
15684
5099
14771
18673
10269
14404
11495
15445
10899
6466
297
5593
13112
16192
19498
6174
11729
8854
12374
16351
3831
11336
16465
7239
4137
5150
4357
14004
13590
10229
1727
7529
19603
13705
14264
628
12093
19540
5295
13199
16046
3646
10617
973
8372
16841
17
3819
14737
9580
5048
10795
6492
2626
296
13203
16684
15728
14385
13486
7044
7700
12972
1897
11269
4774
10178
9952
3345
13940
15652
8090
16117
1691
13735
9740
3508
8460
6533
18622
1350
14038
1418
8477
8388
9357
10958
14351
19589
5146
4290
16366
15333
6635
8074
9946
10443
3433
8446
17074
11584
16744
8815
12950
14323
5925
6436
6808
16777
12482
2542
8242
18136
2744
12518
4647
12484
8224
2355
3554
7143
13326
2679
18383
10794
11825
4310
19962
1126
13196
8289
8525
8521
7962
17976
16863
14067
12316
18869
5095
17037
8392
19283
18668
17906
13076
17645
12362
11889
10756
17725
6721
3475
6181
7450
3344
19768
3794
14010
13639
15239
17875
3030
4596
1113
4442
5363
15256
9886
14011
18264
14862
17820
14364
8153
656
10706
19723
19820
5993
13903
7643
15363
17382
4168
2201
16767
10946
8669
3526
1682
10541
15390
12393
1883
11467
5970
15059
1938
765
6966
14604
4589
13213
19030
5289
9223
617
12004
13732
12742
1568
17137
15293
3631
10572
10348
19849
6705
9293
17034
17956
6804
6712
3188
10726
10762
1983
13150
17141
3944
7407
15275
13501
13411
9906
4378
11769
1389
8193
8761
14755
4229
14676
4700
9617
18835
4742
16946
10684
13226
324
7301
9905
14287
18175
13739
19846
9971
19675
9399
7508
3573
16489
8839
5783
5171
10287
3740
17216
6729
5406
13402
8312
4735
9297
18279
1046
4634
575
14190
10118
11291
15847
9422
8770
1348
17880
16205
9937
6624
7944
11730
1636
3512
515
11004
8336
3912
4839
1784
1873
18516
13070
14873
11090
9884
4568
18358
18005
1542
19887
6033
11497
15060
4614
13794
12544
17661
6164
13349
19105
14040
11868
5823
7171
15414
15900
12463
11815
6001
8086
10733
10175
9547
7618
13166
5974
4273
4537
17774
6878
18313
8805
7636
6735
17863
16373
56
19454
7522
10474
3846
3142
19607
16670
5713
12910
19079
12656
2925
2842
16811
16903
8466
8070
3202
4817
6790
5610
4223
18141
18084
19924
11909
13893
19443
7626
8348
7546
5409
17628
233
8449
4922
2631
12955
7745
15986
8406
12516
543
6056
8543
15617
14046
11579
9102
11496
16832
9612
4907
680
3371
1851
16669
6657
7200
10884
9093
10414
6162
862
15911
18300
13854
3715
7930
15542
6489
9392
17585
9924
8558
4251
11526
7878
8144
6887
8813
11451
11572
2235
17866
6493
16243
12330
9818
16120
2077
17872
15051
4507
19014
4257
10327
3073
5455
12047
15068
9467
7969
16130
16377
11315
13010
4598
12235
18842
11610
9876
10005
11724
1539
19729
4071
9173
8276
13540
4033
2993
9624
7374
15543
11877
13089
15541
8417
845
6595
1404
2308
19359
10444
9963
691
10285
10942
10260
16436
7093
1299
10505
4535
11018
8806
302
6662
12179
635
11635
19906
7001
9317
2718
13415
1963
3678
2091
14205
10195
5065
8307
580
12736
1589
17002
4753
10701
6943
9878
6756
16016
17932
12963
14925
9821
10280
16121
13737
12437
8855
14363
1437
8611
9384
2170
6258
16908
1276
8709
3743
11754
12418
9718
5630
18767
16731
3861
992
9918
637
8913
6838
11209
4713
14992
6308
7244
16459
8711
18491
10632
3470
12836
12481
7906
2226
14817
11694
13461
8517
9879
4350
8295
17821
693
7638
9998
15347
13725
10453
4031
17395
12564
18514
7914
11908
13691
1739
13790
11738
11194
19135
8605
11437
6829
15404
5918
10586
2696
13966
13944
16552
5335
12970
4006
6
9178
3077
14970
4635
16522
11630
7882
9171
8522
10061
15406
4495
15524
3378
15407
17595
15255
15631
12297
13179
19688
8381
826
12783
1112
8237
1987
6592
6531
10661
10885
9153
16890
9893
12871
6690
3753
12868
10934
16693
9481
15883
17986
10858
8410
3874
19545
10371
9589
16336
1456
174
17770
2063
7766
1948
4518
13221
366
5778
12001
13478
17497
17358
16885
16983
3783
11701
8890
16830
8870
1728
15240
8328
8355
16212
7069
1939
15838
591
5122
16314
4849
6600
7539
4528
4346
4391
8784
14880
17142
5097
9107
16852
6873
5320
12195
2438
13960
13814
11619
7085
16292
13997
19185
16968
10713
19762
16401
6832
4019
18685
12735
7940
15762
12249
11624
8976
1301
13111
8567
12228
9641
12457
19196
17138
15894
14147
18431
16530
17752
2344
5200
17706
4593
16501
12208
19933
14149
298
11366
1182
18664
3710
1583
10827
12302
1783
4672
8023
4311
19024
19445
8852
18837
1872
7262
84
15807
16884
17982
4034
7584
5526
1690
8145
18759
8626
14898
11408
2082
3907
16861
2339
1989
17788
10258
8635
12662
13999
4221
14006
8335
7430
16709
13431
6463
4195
11929
14660
1819
6302
17121
17808
3624
6118
4769
17960
2553
15002
3418
17977
1764
5357
17967
18578
18231
9569
12759
6524
1698
10254
16589
10870
15558
10102
14089
3643
1211
9654
9611
9863
15317
11047
9077
17092
2131
10919
8186
14199
15311
15
16160
17023
12358
3401
19504
9916
18076
12657
3292
10886
17268
1445
17364
11534
15410
17501
17566
11896
15927
1918
19109
19556
9161
4320
4239
15740
5482
6548
142
13462
7740
18765
685
14227
6820
18304
17283
3654
18114
11257
5602
3476
8037
14805
14552
10874
5831
14747
7286
7831
11542
7793
15903
2815
7052
11122
10097
16485
18717
9748
9554
6106
15934
5749
12590
305
5507
3199
8106
17570
18858
3865
14930
13034
17640
9499
6785
4917
686
9329
736
7100
14599
9988
19333
9566
8910
702
6078
13320
5239
15490
16893
492
1692
13357
9255
2531
2910
2613
17839
12716
19141
5638
14151
8968
3154
11571
10410
15210
18538
14341
12153
10988
1894
1038
18616
7907
16219
1478
17806
18040
13344
7936
1231
11144
2325
10570
1916
10949
5020
14730
12967
19699
12331
16186
8971
8058
14876
1346
8190
13927
4816
19866
7994
18298
8059
9519
14738
1282
9992
2838
10308
7505
13055
18599
15878
14677
12995
1832
18598
15356
16606
2703
18696
17891
5548
6816
14840
3411
1724
7204
6952
10531
17387
10956
15968
17222
12707
1438
10662
4327
10035
7651
37
16299
7061
17098
18908
6485
16009
11663
1944
15115
8093
7135
11869
19830
9627
18006
5085
6029
2683
11454
3196
17330
14100
14078
6495
5471
19711
18014
18170
18283
4579
9463
481
7988
10599
361
16765
13836
11483
11916
12845
1152
7953
4955
12821
4230
16762
5212
12007
16677
16037
1952
16214
6701
12282
278
12238
10527
5185
14680
15298
3334
3923
19202
18146
16668
13647
15499
3652
1290
7530
17190
11219
4602
6434
5079
17549
279
19789
13025
12766
1400
352
16745
15095
14803
18048
15419
12146
9875
1072
878
14513
18406
19258
13364
17510
13180
9455
7221
12095
8763
14261
10819
18035
15381
14349
17162
18013
1831
10322
19421
12826
7488
10008
2596
1076
17717
395
17766
16270
13689
3623
13842
16539
14985
18202
10240
8159
10166
12016
11007
16252
14687
9605
17020
10098
8138
8241
18448
11329
5620
15351
14765
13276
3974
15072
2005
16308
4948
10688
16892
15704
9273
2847
10879
3607
1931
9484
17534
15656
7927
15696
6700
19056
13491
9804
14808
17025
3046
7902
14397
4316
17672
11202
2771
14246
7875
3111
19470
14584
15416
11581
16060
16337
7778
9868
8817
16312
13484
13714
13086
8814
2649
16462
15203
13154
7824
8139
11622
9202
17372
8713
6717
10073
8985
8174
10234
14601
19896
13932
7066
14420
3267
4871
15561
4699
5484
19350
11155
10637
5287
5707
6357
8199
19183
4573
18266
10214
17180
3123
11195
13045
13158
12883
12645
16148
18179
18115
2406
8758
12378
1447
8468
11008
9381
8264
5953
12855
14768
14739
6331
18798
6237
10101
12357
11507
12589
16553
19280
10929
1671
19679
4726
12483
3259
9164
5910
1012
4035
907
138
14548
17533
4479
18873
10208
14245
2117
14993
16699
1966
11691
9488
11608
6206
5110
9362
4131
2182
10334
19201
2336
4707
8133
9789
17780
6228
19308
5163
3246
18846
1604
8192
9084
6975
14047
6376
14143
9380
6938
1965
17172
7368
14849
558
14496
12290
12434
2055
13336
3181
11803
15116
16627
530
93
13452
3174
710
8898
13345
10125
12765
14947
2342
3480
8357
11873
14902
13445
16430
10380
5551
2770
17166
10603
450
3333
8402
18617
19631
13868
16382
3374
12538
16349
16574
13481
2297
17133
2006
8633
714
9430
6268
7013
10725
13837
12000
1010
9883
4348
10279
6593
16661
15013
16886
7443
4049
12050
18387
7705
2422
1396
13946
15036
16029
5827
17131
2448
3862
5848
9840
14303
7563
4373
15174
19792
3505
1362
5829
978
7053
11191
4139
10091
9743
8433
13432
14850
14434
11559
4545
17833
9814
5641
6695
12984
606
8631
8859
13217
12259
19767
11270
16431
9691
8063
4952
11786
10362
13465
5358
9150
11615
2936
15961
16086
11536
12299
4998
3407
13128
4272
5352
4578
16241
4080
5015
14378
7731
3225
3338
18555
1066
677
10815
14231
4333
10425
7776
15430
2677
15173
2562
2496
9342
13443
1115
9085
12906
1225
1412
5384
13483
3232
10365
1934
5893
17971
16170
2607
12599
1848
884
7644
6385
4359
4303
2850
11068
10063
19731
15982
1136
12276
14181
18830
14381
11056
3300
16775
6902
15603
6776
15423
6470
17975
12587
16718
2029
13078
7856
14242
13933
14603
8110
18478
1823
16094
7460
10377
7861
15292
9836
8640
1337
7909
15244
7140
5390
19476
5245
4121
17569
5049
15145
5530
5702
498
1041
4546
7182
7499
13702
4617
15079
2546
3555
7719
5677
4676
18733
11256
19799
139
2764
17674
8861
7126
13564
5810
2922
1672
16112
1676
8826
18310
9846
7035
15136
11601
4156
10131
15922
10188
19998
1798
3666
19391
4369
917
2990
4328
13844
7397
18880
19837
15708
1577
6122
9684
290
49
10704
12838
16760
13558
9498
18276
5876
16267
18332
18486
15750
3043
3565
8474
11106
7729
15724
4095
7678
19091
13536
5648
16942
1635
8398
11720
8830
10746
2998
2246
3177
17726
5129
5944
1022
18710
6813
16216
17475
1390
7260
12042
15671
10560
19267
1266
2754
340
10786
12588
12257
14967
3023
15875
19288
13993
19495
10907
1713
3160
1954
14343
19689
13995
13826
16550
11170
13621
13775
10720
8664
2359
17831
1317
9978
7097
9361
4370
4058
15096
7592
4789
17785
14508
8021
9596
5225
14079
7065
7707
2787
7596
7630
17090
6569
15500
5997
18495
12281
19064
11881
16065
3975
15856
10764
19842
4978
9460
7411
16098
5380
10338
12140
19219
19797
10428
1416
17019
18118
1382
11764
5430
5565
864
19624
8538
12120
16817
5763
6778
4344
11898
6691
12739
4658
13874
2621
5180
7006
15204
11499
4077
10849
4476
8938
3122
14628
19491
16690
16367
14015
15291
15441
5070
14224
1942
8187
19002
6726
10317
4600
16025
10221
8864
16472
19484
7664
13475
5822
8703
18492
3802
16124
18950
18691
12159
11912
14173
3956
4562
161
9626
1975
2413
19783
1506
16535
9742
19117
6427
847
9902
16547
19684
8651
3210
2707
4832
18445
25
13446
17056
14952
6685
3570
11316
15208
5924
4438
9503
3066
9673
14370
15821
10244
18836
9408
18857
752
19514
1264
5570
3044
3966
13694
9945
19320
12640
12151
8304
4322
9204
11586
17686
17007
17937
14931
2467
6318
7345
14555
19477
19721
17538
10634
3131
8459
4536
17420
5397
15691
18761
6865
10611
8608
2552
10689
9543
8519
6153
7335
9364
18800
9114
12925
5149
11027
14478
17733
17310
16453
14838
12737
3052
9044
215
7721
12840
7148
1169
14269
17458
1450
2895
18893
11229
2691
4118
9165
17886
18922
18097
14266
12444
19703
16257
5203
9939
299
7989
1378
3443
15905
1426
6235
5915
5527
1376
4178
9168
13222
10581
2816
9510
19287
610
19456
10951
2365
2986
3882
4994
767
426
19599
1429
14503
5679
6743
11643
17106
8221
14350
9629
12477
14258
8860
6589
6418
3669
3525
19381
3222
5310
5744
4415
15850
15936
10877
16300
18752
18476
3809
5919
7462
2566
13875
17064
10140
12327
9752
358
8161
17562
16934
6969
12813
18261
4144
8908
17065
5799
1370
13573
7859
16051
4443
14290
18576
12089
12709
16149
1494
16157
12354
9198
13617
14051
14302
10420
5487
7149
5469
10653
11306
14093
14793
11005
10004
17319
12982
2774
15666
6906
17797
19238
16389
16400
9651
5273
16953
9997
8029
8641
14753
15621
18688
16021
253
5625
4202
8650
10647
19881
3780
1140
9862
13436
2545
18967
3638
15448
2484
4243
9852
14843
11587
11220
18296
17898
3452
11712
13353
13938
689
4764
13764
8018
15589
16328
10180
19858
2608
12690
7046
1243
482
2166
14464
15143
19827
19442
9120
19577
18411
1655
13041
12167
14703
19695
3626
3998
14375
6325
5870
2124
13453
1349
15081
14304
1142
13038
15324
10
13228
18440
13145
6596
1434
573
14927
11533
5651
7812
1637
8430
15574
13962
14600
8697
7399
18357
3926
1772
3674
17954
6716
11673
12647
9679
18125
4874
6946
13373
6965
16600
24
19745
7556
4863
4829
16439
85
8845
3731
16899
15679
19012
898
16662
5517
17443
14470
5731
3843
2227
18601
918
15039
1487
3754
10947
16993
12605
10329
7317
19291
14329
13216
13710
19547
6757
16176
8715
15742
7291
7973
12891
19749
2893
10718
895
6049
10475
2377
15090
7238
19256
13413
16897
10044
18373
14727
19353
16004
19528
263
9388
13329
10412
10776
18458
11519
6870
18604
6722
18095
13173
16023
4130
6910
10077
12665
18020
347
18847
19642
4708
4355
14398
5528
132
3503
14429
19449
16152
12887
622
11596
2316
11719
1816
5714
13016
9646
8795
7290
11187
13545
8339
3729
14778
4390
6387
14655
16543
17711
17168
8718
10738
10457
10133
6637
15395
18841
7846
6916
8632
14200
3494
6649
8951
4705
794
11493
2302
11700
4078
4128
5191
15503
5473
3151
14643
17892
3485
12446
7916
2345
8723
19554
6058
7125
855
6538
13048
16667
17736
3263
13568
8007
1183
15457
10220
11605
14288
6839
18474
1550
9914
15548
6582
18074
2933
9625
7413
313
755
14841
19326
6748
14492
11411
1572
12521
11997
17089
4402
985
6837
3722
2992
11112
19259
2252
19901
10222
8228
11167
4554
8128
8416
16672
15195
15992
1128
13613
5063
2663
19885
7003
14421
9700
7551
19685
8016
11234
7192
18297
19811
11375
9732
13307
18758
2758
12404
5941
9413
15769
10190
4401
13569
15519
16238
13784
18267
16068
14830
2495
1921
9274
9315
4918
16772
10545
15030
5121
14016
10431
10352
9097
3655
5394
11142
7234
2991
17652
4481
7298
2038
7852
11647
16648
2513
2221
6448
3051
2159
